"number","leg","dartScore","bed","aimedat","sB4Dart","sAfDart","average"
1,1,60,"t20","t20",501,441,180
2,1,20,"i20","t20",441,421,120
3,1,17,"i17","t17",421,404,97
4,1,5,"o5","t20",404,399,76.5
5,1,60,"t20","t20",399,339,97.2
6,1,60,"t20","t20",339,279,111
7,1,60,"t20","t20",279,219,120.86
8,1,20,"i20","t20",219,199,113.25
9,1,57,"t19","t19",199,142,119.67
10,1,17,"i17","t17",142,125,112.8
11,1,51,"t17","t17",125,74,116.45
12,1,42,"14","NA",74,32,117.25
13,1,16,"o16","d16",32,16,111.92
14,1,0,"m8","d8",16,16,103.93
15,1,16,"d8","d8",16,0,100.2
16,2,20,"i20","t20",501,481,97.69
17,2,57,"t19","t19",481,424,102
18,2,57,"t19","t19",424,367,105.83
19,2,60,"t20","t20",367,307,109.74
20,2,60,"t20","t20",307,247,113.25
21,2,20,"o20","t20",247,227,110.71
22,2,60,"t20","t20",227,167,113.86
23,2,5,"o5","t20",167,162,109.57
24,2,60,"t20","t20",162,102,112.5
25,2,60,"t20","t20",102,42,115.2
26,2,2,"o2","o2",42,40,111
27,2,20,"o20","d20",40,20,109.11
28,3,60,"t20","t20",501,441,111.64
29,3,60,"t20","t20",441,381,114
30,3,20,"i20","t20",381,361,112.2
31,3,60,"t20","t20",361,301,114.39
32,3,60,"t20","t20",301,241,116.44
33,3,60,"t20","t20",241,181,118.36
34,3,20,"o20","t20",181,161,116.65
35,3,15,"t5","t20",161,146,114.6
36,3,3,"t1","t20",146,143,111.67
37,3,20,"i20","t20",143,123,110.27
38,3,57,"t19","t19",123,66,111.87
39,3,25,"obull","ibull",66,41,110.92
40,3,1,"o1","o1",41,40,108.23
41,3,40,"d20","d20",40,0,108.51
42,4,60,"t20","t20",501,441,110.21
43,4,60,"t20","t20",441,381,111.84
44,4,57,"t19","t19",381,324,113.18
45,4,60,"t20","t20",324,264,114.67
46,4,60,"t20","t20",264,204,116.09
47,4,60,"t20","t20",204,144,117.45
48,4,60,"t20","t20",144,84,118.75
49,4,1,"i1","t20",84,83,116.39
50,4,51,"t17","t17",83,32,117.12
51,5,60,"t20","t20",501,441,118.35
52,5,20,"i20","t20",441,421,117.23
53,5,60,"t20","t20",421,361,118.42
54,5,20,"o20","t20",361,341,117.33
55,5,60,"t20","t20",341,281,118.47
56,5,60,"t20","t20",281,221,119.57
57,5,20,"o20","t20",221,201,118.53
58,5,60,"t20","t20",201,141,119.59
59,5,60,"t20","t20",141,81,120.61
60,5,19,"i19","t19",81,62,119.55
61,5,36,"12","NA",62,26,119.36
62,5,0,"m13","d13",26,26,117.44
63,5,26,"d13","d13",26,0,116.81
64,6,60,"t20","t20",501,441,117.8
65,6,15,"t5","t20",441,426,116.68
66,6,5,"i5","t20",426,421,115.14
67,6,60,"t20","t20",421,361,116.1
68,6,20,"i20","t20",361,341,115.28
69,6,57,"t19","t19",341,284,116.09
70,6,60,"t20","t20",284,224,117
71,6,60,"t20","t20",224,164,117.89
72,6,60,"t20","t20",164,104,118.75
73,6,20,"o20","t20",104,84,117.95
74,6,20,"i20","t20",84,64,117.16
75,6,16,"16","NA",64,48,116.24
76,7,20,"i20","t20",501,481,115.5
77,7,18,"o18","t18",481,463,114.7
78,7,54,"t18","t18",463,409,115.31
79,7,60,"t20","t20",409,349,116.13
80,7,20,"i20","t20",349,329,115.43
81,7,57,"t19","t19",329,272,116.11
82,7,20,"i20","t20",272,252,115.43
83,7,57,"t19","t19",252,195,116.1
84,7,19,"i19","t19",195,176,115.39
85,7,60,"t20","t20",176,116,116.15
86,7,60,"t20","t20",116,56,116.9
87,7,16,"o16","o16",56,40,116.1
88,7,40,"d20","d20",40,0,116.15
89,8,20,"i20","t20",501,481,115.52
90,8,60,"t20","t20",481,421,116.23
91,8,19,"o19","t19",421,402,115.58
92,8,60,"t20","t20",402,342,116.28
93,8,3,"t1","t20",342,339,115.13
94,8,60,"t20","t20",339,279,115.82
95,8,20,"i20","t20",279,259,115.23
96,8,19,"i19","t19",259,240,114.63
97,8,19,"o19","t19",240,221,114.03
98,8,15,"t5","t20",221,206,113.33
99,8,60,"t20","t20",206,146,114
100,8,60,"t20","t20",146,86,114.66
101,8,18,"i18","t18",86,68,114.06
102,8,18,"18","NA",68,50,113.47
103,8,50,"ibull","ibull",50,0,113.83
104,9,20,"o20","t20",501,481,113.31
105,9,60,"t20","t20",481,421,113.94
106,9,60,"t20","t20",421,361,114.57
107,9,20,"o20","t20",361,341,114.06
108,9,20,"i20","t20",341,321,113.56
109,9,20,"o20","t20",321,301,113.06
110,9,20,"i20","t20",301,281,112.58
111,9,20,"i20","t20",281,261,112.11
112,9,3,"i3","t17",261,258,111.19
113,9,20,"i20","t20",258,238,110.73
114,9,54,"t18","t18",238,184,111.18
115,9,0,"bounceout","t20",184,184,110.22
116,9,20,"i20","t20",184,164,109.78
117,9,60,"t20","t20",164,104,110.38
118,9,20,"i20","t20",104,84,109.96
119,10,20,"i20","t20",501,481,109.54
120,10,57,"t19","t19",481,424,110.05
121,10,18,"o18","t18",424,406,109.59
122,10,20,"o20","t20",406,386,109.18
123,10,20,"o20","t20",386,366,108.78
124,10,20,"i20","t20",366,346,108.39
125,10,20,"i20","t20",346,326,108
126,10,57,"t19","t19",326,269,108.5
127,10,19,"o19","t19",269,250,108.09
128,10,20,"i20","t20",250,230,107.72
129,10,20,"i20","t20",230,210,107.35
130,10,60,"t20","t20",210,150,107.91
131,10,3,"t1","t20",150,147,107.15
132,10,57,"t19","t19",147,90,107.64
133,10,18,"o18","t18",90,72,107.23
134,11,20,"o20","t20",501,481,106.88
135,11,20,"i20","t20",481,461,106.53
136,11,20,"o20","t20",461,441,106.19
137,11,1,"i1","t20",441,440,105.44
138,11,19,"i19","t19",440,421,105.09
139,11,57,"t19","t19",421,364,105.56
140,11,60,"t20","t20",364,304,106.09
141,11,20,"i20","t20",304,284,105.77
142,11,57,"t19","t19",284,227,106.23
143,11,60,"t20","t20",227,167,106.74
144,11,20,"i20","t20",167,147,106.42
145,11,17,"i17","t17",147,130,106.03
146,11,60,"t20","t20",130,70,106.54
147,11,20,"i20","t20",70,50,106.22
148,11,50,"ibull","ibull",50,0,106.52
149,12,60,"t20","t20",501,441,107.01
150,12,20,"i20","t20",441,421,106.7
151,12,19,"o19","t19",421,402,106.37
152,12,60,"t20","t20",402,342,106.86
153,12,20,"i20","t20",342,322,106.55
154,12,60,"t20","t20",322,262,107.03
155,12,20,"o20","t20",262,242,106.72
156,12,3,"t1","t20",242,239,106.1
157,12,19,"o19","t19",239,220,105.78
158,12,60,"t20","t20",220,160,106.25
159,12,60,"t20","t20",160,100,106.72
160,12,60,"t20","t20",100,40,107.18
161,12,20,"o20","d20",40,20,106.88
162,12,10,"o10","d10",20,10,106.41
163,12,10,"d5","d5",10,0,105.94
